3976007197
4637295784
5578867501
6532109213
7251039817
7844328685
8558642454
9155409790
9714593656
10497264262
11394815125
11992806607
12519464770
13036410617
13988627353
14619234686
15335624564
15970270162
16587164924
17258980920
17851819366
18462824724
19011911184
19603800526
20141342797
20793159106
21418763651
21892338715
22362007943
22977441574
23478815008
23960568242
24401754562
24745490668
25168490879
25635778657
25991791288
26464976384
26997400939
27538126798
28117468837
28630741593
29177460198
29702549321
30123471559
30590914496
31089932368
31448695288
31848988263
