3253112000
3166331300
3138750600
3107957300
3077719800
3048321600
3017867800
2987974400
2957053700
2926628500
2896421900
2866528100
2836839000
2807033200
2777440100
2747976000
2718583900
2688746200
2659650300
2630417400
2601803500
2571665300
2541917500
2510238300
2479490100
2449967400
2418606300
2389014500
2358072100
2328930100
2299200200
2269114100
2238346100
2208621600
2179684200
2147873900
2118640700
2088592900
2060216700
2030756900
2001009500
1971345400
1940945800
1911825900
1882784700
1852191400
1821097400
1791267000
1762632900
1732210800
1703259100
1673178200
1652661900
1630793800
1599836500
1569889400
1538998000
1508587600
1478516200
1448119500
1418140500
1387603100
1356142500
1325131600
1295379500
1264863900
1234506500
1204384300
1175398100
1145394200
1114181700
1083636800
1053844400
1023248200
992865600
962508500
931886000
901983100
870690600
840625300
810305600
779034300
748758800
718420000
688379400
658174200
626956100
596952200
568252100
538511800
506701200
477100800
446709200
415140100
385588200
356440500
326815900
298527100
267696000
237984500
207320200
186684500
162722500
132511800
109409800
79320800
48559600
18237300
7109100
6062500
17304800
13808500
19565200
15246200
14603500
13330300
16286600
17939800
15605000
12360500
5982300
14365200
14332100
13952800
22069000
16467300
13640400
15490300
13023200
6008000
12773900
12141200
12232100
16390100
28714700
12937000
5209300
14190400
15360000
28903800
24259300
7695100
9601400
14247700
12919300
14027800
12380900
13744700
11892200
17564000
15774000
16581900
13580000
5831200
6910400
5869500
5553800
7361400
8340400
8432000
7768500
5672800
5895700
4725500
6687200
13830900
19488600
15702800
20940500
14093200
5287700
4709800
5705400
15925900
13412700
14204200
16181300
14614700
13133300
12620100
12382400
13415000
14037400
12933500
13889200
14315200
18205600
7391600
4765000
4219900
5693500
10597300
17558700
14365900
13963300
13848100
14316700
21388000
17359100
14664800
14463700
15558100
15470800
21954900
10623700
5896800
4841300
13187700
12278100
12856600
15929700
13153600
18107400
14946400
10195500
8171300
8328800
8758900
10461200
14945900
10334000
11483100
12151500
10581900
10780300
10179100
11537000
10492400
11608100
13053700
14728600
15640300
12357500
13435100
11525500
12583500
12743700
10949200
16409100
16336400
16259900
8686200
6426800
14802100
15759700
13930700
18929200
17646500
9092900
5047800
3387900
6338400
4476600
8834500
3818500
5019400
4544100
5243300
5821300
5556400
5069800
5053300
5270900
4153800
4539800
5510700
5100600
5409700
4758500
3921800
4487500
3831900
4018100
4597500
4622900
4758100
5190900
3953400
3647800
4157000
3632700
4157000
3845600
3964000
4105400
5568000
4003000
4118300
3371800
5174000
4683200
4636900
4045600
4279200
4003800
4028400
3311800
4617600
3927800
4150200
3962800
3684700
4260700
3379300
3992300
3674300
4249900
3957800
4168900
3293400
3626500
3361900
4177200
3757800
3431400
3437800
3929500
2779100
3679100
4850900
3698700
3909500
3546100
4082300
3919700
4001400
3474100
4589600
3724200
3868300
5018800
3810200
4045800
3978200
3866200
3142400
5035800
3981500
4682600
5076500
3509500
3888000
3727500
3662200
4115300
3823500
4137800
4075900
3785900
11257400
6910700
4124700
3663600
3973800
3869700
4366700
4545600
3926200
3877600
3556900
12187100
12109400
5843500
4423500
5341800
5515100
5005800
5779600
5679800
4681100
5254100
5389300
5125600
6201000
6643800
4873400
4481100
4784500
4926500
3924400
11239900
6769900
3955500
13107000
17342600
11822200
13657700
8588800
5157200
4852400
3363100
2827200
3693800
3699600
3425600
5659600
4019900
3871200
3509800
3999500
3800700
3239300
4214300
2748500
3600400
4129400
3803200
3261300
3584000
5707100
3454300
3532000
3530100
3549000
4470100
3939300
3945500
4026000
4101900
3524700
3422600
3109500
3832900
3253100
4789700
4674700
3599500
3662000
3965400
3531600
2934000
3437000
4361300
3115000
7027000
3991100
4161100
3181700
3829400
3063400
3926800
3686000
4277600
4791100
3681500
3350000
3900800
4396600
3880200
3543800
3932000
3985800
3952900
6694700
3466400
3202000
3828700
3225400
3707600
5025200
3650900
3170600
2817600
4239700
4074400
4249400
3724700
3439600
4097500
3605500
4449500
4354400
4482500
4046000
5194000
4422200
4878100
4845700
4915000
4789200
3905400
4101600
3629000
6482100
5261700
5217700
3772800
3949500
5034800
4981700
5289800
3930700
3893800
3522300
5214700
3021000
3551100
3586800
3206200
3024200
3704700
3948900
2687800
3300300
2855100
3341000
4156800
4211200
4349600
2994300
4056900
4980800
5426000
3700500
3629500
3747000
2872000
3048700
6213800
4255100
3239600
3003500
2849100
4728200
4253600
4342000
4078800
3755500
4153400
3665900
4646500
5664700
5595900
5123000
4396300
4215000
5844500
4305800
4406300
3724400
12822500
5728700
3473200
4337100
3403100
2832800
4075400
3179100
3282600
2936600
3269800
4436700
4844000
4538400
3999600
3565600
3495700
9278700
3427300
4299000
3524600
4298700
6318100
5191100
6523600
4940500
5585100
6442900
3916000
4835100
4302200
4688100
3456200
6011300
4271200
2875900
3433400
3392500
2327900
9596900
9554600
8330800
11109100
11617800
10793400
10588600
13466400
11642400
13441100
11429500
10995900
11686800
12412600
12590700
12059700
11680400
20665700
12669900
11175900
11788300
11507800
11690300
14431500
10479200
11688600
10294000
13214000
11021700
25067700
12878300
3784800
3695900
11884200
12332000
12331400
11680400
10885800
13797500
15874200
11405800
10019100
9574100
10294000
10995000
11449000
11665900
13563700
12731300
10505400
7608300
11489400
12135100
10273800
10854600
10404700
9518400
22111800
9838700
11736100
12482700
11716400
9992800
12469300
21130800
15092700
3682200
11665900
10164700
11184800
11316900
12789800
13548300
12063400
7444100
6868700
7263000
7190300
12182300
10870700
14466700
11137900
14266400
18001000
5100200
4271300
4215600
3198300
3050300
4025600
2850900
3431500
11108600
11099400
13013000
11193500
10700900
11174800
11388500
11622400
11740100
11726800
10688500
3917000
10644100
11668700
11380900
10855800
18978100
8703300
5377500
5780100
4304100
3780800
9816300
9432100
10239100
10883800
11064300
10538700
11269200
10038400
7172300
7416500
4426800
12136200
12584400
11637400
10453800
10248000
10686400
10668600
9064200
13912500
11579200
13654800
11795500
4798000
10278600
10899100
12438200
12056400
10682100
11966700
9951300
4300300
9635500
10736100
10688500
10403600
9884400
9965400
10498400
10154800
13400300
11457100
12595800
12322100
11281800
11780900
11698600
6178600
3412300
3422600
3611100
2883200
3393100
2744100
10037200
10245800
10522600
9516900
9535600
9497900
10948900
9587900
4802500
3088200
2804600
3609000
10321200
9235800
9741000
9425100
10489800
10850600
10946100
11758000
10284900
11289700
13331400
11840400
13615700
11330300
10792900
10619000
9993500
12938700
11347900
6547500
4185300
4149200
2833800
3513200
3654900
3212300
3209500
3524000
3514200
3229800
3640600
3135700
3689700
2879500
3242200
2646000
3326500
2637600
2541600
2837200
2936500
3199000
2969100
4067000
3114200
3056300
2955800
3162100
3185900
3124600
2958600
2965100
3232000
4195100
3349800
3771300
2811600
3094600
2895900
2975700
3117300
3009600
3196300
2984200
3028400
3316400
3576300
3163200
3016400
3002900
2967600
7780700
8808500
8418800
4160700
3484000
4265900
3545600
4951500
3168400
3210700
11216500
8164300
5657600
5632100
6200700
5042400
4758500
5150900
5986200
5849000
7404300
4892300
4612400
5603900
3800900
3066500
2937100
5199200
2409700
3166500
3051300
3037200
3081600
3466000
3813400
3486600
3245400
3287900
3099200
4244100
4291500
3089600
4309900
3122700
2778800
10650700
10785000
5629400
2717900
3156800
2729700
3080100
2878100
3399800
3292200
3421100
3143600
4256100
3069400
4425200
3968000
3106900
3200700
10833900
10549900
4072500
4249800
4317300
4939500
4348600
4015300
4323200
4131900
4126600
3639000
3583100
3863500
3745200
3841400
3745100
3151200
3181400
2707500
3062800
3772900
3485100
4253200
4266100
4356300
3853300
3289600
4192600
5033000
4734800
5660200
7584300
6852300
7363000
6904000
6508200
9027300
9050300
7175100
4475200
2811000
3142300
3920200
3144000
2869100
10325500
27221500
12030500
12033100
10579500
10290100
10192800
10876400
9832900
12352300
14255100
11344700
12023800
5292600
3372300
3587200
4197500
3796300
4480200
9432200
10450700
10091500
11106900
10482800
11094800
10649100
11004700
10748500
10479700
11424400
13567300
11577100
9647800
10218100
6175100
4839600
5081900
6186700
10399900
11575200
10344100
12488800
10244800
10584500
11729400
10652700
10844700
12161700
12507700
11643300
7230800
6599900
6372700
7160100
6425800
10106400
11120000
10749600
10513800
12137000
11389900
11142700
11104100
10810600
11430700
15084500
14228300
6150100
5054700
5133100
10670800
10421800
11637600
10173500
11448400
10284200
10809400
9598700
10906100
20155600
9828200
10932800
11283800
7086200
3676100
2957500
2692500
10181000
10030000
10523100
10005500
10881300
9920800
11146800
10079200
11553100
10336000
19958000
10698900
11789000
11468300
11977800
10751400
4936500
10635200
10999200
10764300
10504500
10236900
11006200
10627100
11098600
12117400
10016600
11021000
11655900
11731100
12127400
12085300
5739300
18972800
10382000
10132100
9320600
11157500
13495200
12364300
10069500
11143400
10055600
10058600
10377400
11368500
10615600
10482100
10654100
13196700
13210600
11369500
10893200
9961800
9903600
11093300
11480100
10838000
12105200
10664000
10209400
9936000
10292100
9717300
10273500
11749700
9469600
2869600
9763200
10707200
10223600
10203200
11480100
11219100
11396300
6612800
5307700
3478900
4156800
3743500
2810600
2788500
4108100
3381000
4219900
4272900
4898900
3097900
3998000
4711900
10661400
10946400
11717100
11268900
11136600
10461600
9759700
10501800
11512600
12192300
12535100
10490100
9696700
6408700
10923000
10929400
10414500
9799100
10885600
10959600
11418900
11179400
14523500
14643500
11736900
11464300
12535100
10446400
13146600
11334000
10105700
6654700
6503300
7497000
10525500
10343500
10387100
10691400
10161500
10066700
12050000
9911500
9319700
10807800
10933900
13673900
12296300
5818600
6327000
10126500
7020400
6856000
9125700
10617300
10603700
11258000
14605800
15183800
6702900
9419600
11448700
11095000
10350600
10325600
10862500
11413900
5982300
7639300
6210400
10973400
10820100
10201400
11031600
9718300
12288700
15423400
13073400
12991900
9980800
13130900
11691000
10710100
4302900
4585700
10795300
13026800
11017200
10347400
10047600
10072300
10068500
9231400
10998600
10771400
11000700
10709300
11029600
10477000
10389200
11621900
11432500
13163400
9448300
9823900
12354800
10443400
9983000
10463400
10553500
11804400
10246300
11355800
10292700
12281700
12809400
12707600
7017100
5277300
6203200
5383100
8184600
9833800
10628800
10381500
9730200
11282600
12243600
11058000
10194800
13173900
10289800
11167800
11864400
11840800
12981100
10532200
12316400
5232000
4806800
4130300
4915100
6141600
5283100
5090800
3849100
3602100
10910400
10432000
9867700
12009800
12306800
11117500
5547900
10713500
11238300
10502000
9981100
11646500
10233800
11441700
12278000
10535100
11086500
11629600
10566100
10702700
11833600
12085500
10395400
12784000
11795900
11392700
5557100
4560300
4042500
5998600
11443300
24256800
11112800
10235900
10998400
11344800
10424100
11512000
11428500
12665800
12490600
11134600
10431800
10741200
10499100
9711100
10872600
11013300
10690600
11319700
13218900
10175600
10031300
11538700
11033200
10457500
11809100
10522200
10991700
11461500
11646900
13500100
11887800
10226000
11093800
24152500
16439500
3363900
9929100
10394400
9967600
10393200
11133300
10981700
12696200
10891100
11659000
9415600
10462100
11102600
11197500
11920100
10087400
13419300
14487500
4982800
5548300
5413100
5632000
4664100
4531000
3972800
4508300
5968800
9896100
11861800
11396500
10116000
11111300
12123300
12462500
18745400
6599400
11524400
10220000
9827000
11236000
10415700
12315000
10886300
18993200
4072400
10663400
10974000
10144200
10034200
10714400
11754100
11088900
10390400
12343100
10348600
12082800
10951100
11768100
11390100
11825700
10647900
10231700
10644200
11759500
12053000
13586300
7565300
10201700
10538000
10743000
9460900
11436600
10430500
11748300
10533800
11431000
10419200
13347900
9853400
2931200
2764500
2978600
3439700
4874200
18069600
10998600
10684600
10043700
10695700
12997400
10948300
12913500
11991400
11425500
13207400
11544900
6341200
4709300
4791500
6167200
6958200
4342300
3623600
2891900
2377000
3011900
11094100
11398000
10416400
12231200
10398000
14633900
12074600
9722200
10397800
10496000
9749600
10818500
10645100
10653200
9924200
22699100
10256500
11781700
11088000
10517900
10906800
12017100
9171300
11263400
11117000
10730300
9996600
11523400
12976900
13742900
9170300
10304600
10907100
12524500
11627500
10981000
12050400
11144900
11929600
11334900
15522000
14035200
7449500
4894600
9722600
10817800
10988500
12108200
9445800
10760400
10189700
11280100
10841700
11507400
11920200
10906600
10737800
11888700
11376400
10672800
11059200
10277200
12030700
20576400
11945100
5082600
5480300
6049400
7542300
11680800
9909700
9537500
10257500
9850300
19697400
11673800
11851600
12191400
9713900
10963100
11294300
12468800
13280200
10796800
10838600
10470900
10881400
11011100
10608000
10191700
10739600
11649100
10197500
10449500
10243600
11624800
10116200
11738200
11303600
11186900
11668200
6629100
10174300
10089000
9709800
10903700
10260200
10567000
11090500
12145500
11081300
12576600
12710400
6356300
5231400
5246100
6903400
7984900
10123900
7954800
8917100
8490600
8129500
7931100
9803700
8469000
9537900
8953800
8171600
7918400
9227600
9895800
9073800
8040100
8485500
5823400
5586900
6662900
5877100
5930900
5513200
5880400
7320000
5507900
6426000
8169800
7739700
4367700
4007500
4744600
2923400
3536500
2834400
10098700
9650600
9315400
10456200
9748500
9376500
6930200
6835100
6984700
7731800
6166600
6528400
6552200
6047000
6556700
5454500
4791200
4536100
4652900
5238300
4867900
4866900
4735900
4680700
4721800
2828400
3765800
3373900
2833900
2725400
3143200
3297600
2821100
2783800
3130100
3109600
3074800
2783100
2796900
3070700
2992300
2662100
2498700
2602500
2395000
2888800
2562800
3088700
3971500
3313800
3339500
3067200
2543000
2729600
2702700
2746900
2908400
3559700
9871800
7283300
3291400
3755200
3408000
3421900
4277200
3579800
4962200
4860400
4573400
5119200
5237500
5733900
8340100
9765700
6704100
6669300
5429400
6051600
5799700
6819400
6148800
7241800
7163600
4830200
3621000
3013400
4046600
3453400
2990500
8758700
9767500
9528300
9194900
13598400
10022600
9722600
9581500
9345300
9081500
4899200
2504100
8370200
11241000
11550400
10445400
11489200
10937200
11043000
11144600
10541700
13075000
10574500
9985800
11527000
10498200
11092000
12302300
11162300
5831900
4372600
4794600
6476400
10183900
11529500
12404900
11062000
11542000
10873200
11419800
13147100
6034700
4116200
4121500
3087800
3219200
3667800
3378300
3581700
2527400
2728500
2684400
2824600
3452500
3927700
3283100
3520900
3356700
3407800
3089900
2823100
3464900
3984000
3341100
10108700
10882800
5099900
5204800
4834600
5515100
5647600
3529700
3222100
3002700
4731500
2833400
9827600
12184300
10118600
10379500
11253400
11496400
10223200
10659000
11148400
10924400
10686300
9892100
10090300
10176900
11020300
20184500
10872400
9486100
11817100
11145700
11486700
11073000
9197400
10049800
10412400
8560700
10793500
11025900
12586100
11772500
10914600
8363800
4512200
9363100
8959600
14709600
13207900
7947600
2460500
3368000
8789000
9006900
9887100
10784100
10186300
9779400
8930600
9929200
9723800
9565600
10109400
11332200
8685100
9223500
9576200
9717000
9249600
10156200
9355500
9622600
10492900
10619600
9361900
8493600
8952500
9314200
9954400
10995900
9050300
11435100
12328600
11775900
6022400
3527900
11140600
11013000
10661300
9976400
10073700
11563300
11225800
14407600
36283500
25887300
9827000
10803900
10495800
10420100
10053400
10397500
9607000
11427600
12109600
10524800
10182700
10796200
10959600
10257600
10824300
11461300
12757000
14060600
11359200
12348300
11230500
10590600
11311800
11760800
11932900
10334000
11590800
11820200
10452300
10489200
9614000
10800500
10974200
11756000
13223100
12785000
11071400
10487700
10897200
11768700
10516200
10452600
9991500
10321000
11743200
10720900
10672400
11266700
10606900
10988000
11182000
10472000
11271100
11124100
9755100
10279700
10433700
12520600
11070600
9919600
10659100
9704100
9725600
11354400
10286600
10291600
10832900
9913800
11908300
13051500
12348700
6124900
7465300
6263900
9225300
8910200
11176300
11271000
10245400
12643600
10502200
14327400
8755900
4212700
3356300
3642500
3652100
4007200
2272400
2747500
10255300
10188800
10141900
11209800
11177000
10558700
9657800
10984100
10443100
10494800
10747900
9731500
10598600
10477900
14141600
12501300
10356200
6988500
5987500
6766900
6836500
6974600
6641500
10307800
11991200
11336600
19979800
9470000
10190700
9817900
14101800
21140200
9508400
10555500
9708700
11078300
9768700
10821500
10584600
10491000
11234900
11239200
10253900
11305100
10309100
11500100
10536900
10128900
12353100
12199700
11585200
12430600
11755900
10133100
12411800
11499600
10950200
10834500
10166200
9954400
9399500
11340000
10705300
9442200
23378000
10770000
3716100
4660100
3454700
6253800
10640800
10975600
10192100
10070300
10887600
11963300
10584200
9985700
9629800
10441700
10820300
11845400
16507300
11856500
12364700
3703900
3038200
3219700
9553700
11057000
9930900
9835600
10940200
10424800
11247900
9331300
20188900
10465400
11693500
10210800
12257000
4711600
10408500
9904400
10972100
9979000
10832200
9394900
10613200
10705400
12215400
12644600
8315000
4241900
4157800
4196900
5162300
10209500
10819000
9812100
15273000
12839300
12077000
8052100
3726600
2791200
2982400
3158500
3407700
2947100
2678700
2422300
2885500
2884100
7177500
2917600
3438800
3836500
3401300
10007800
10980200
12395800
11823300
11267400
10218500
9519000
11526300
10988700
10304300
10778800
9952400
11135600
9872100
10804600
10433500
10444100
10799700
9856900
11330500
11351200
10345600
10575700
10854800
12432200
9220500
7327100
6496400
6871800
11613500
10734600
12738500
11046700
12642700
6039200
5248200
11307500
11065400
11621800
11477900
11646200
10487000
4768000
3988000
4117600
3229800
3266600
2223000
2741900
2846500
11953400
3361700
3343200
3277100
3198700
3254900
3710800
4155500
3264300
3077600
3094600
3541200
2958200
4463400
3148400
3474400
3019300
3955400
3270100
3210600
3110300
4324600
3739600
3154000
2845900
2798100
2735500
2600600
3453800
2871100
2703800
2976900
3434300
3259000
3812800
2729500
2702800
2599000
2602400
3400100
11510800
3520500
3059900
3152100
4124100
3419200
3535800
3435400
3968300
2915600
3103400
3108500
3766900
2893900
3434800
3275500
3764000
3492900
3642200
2931900
3580000
3501600
3381400
3803200
4098300
3654500
3626400
3195800
2800200
3298900
2905900
2816500
2967700
2781100
2905600
3504700
11711600
11280300
12577900
13519100
7022700
5554500
4344900
2619000
9799700
12316100
21056300
10722900
12191700
10646500
10190100
9926200
10241500
10202200
12298400
10568900
11285500
10655400
11906700
10377500
11651800
11354300
11105300
11034400
11654400
10300100
11298400
11784000
5769400
2793100
10625700
11871000
10942300
10098500
10853400
14758500
6336900
3679900
10867900
10272800
10357800
10926700
10916900
10867600
10833800
12192200
11000600
3962600
9921600
10649800
10144800
11967300
10248800
11285500
10766200
10536300
11529600
11742400
10975200
9656900
9971900
11674000
12157700
7008600
3413000
1579400
3550100
3430000
5060100
3521800
2904700
10864300
10037700
10347400
10524400
10996900
7091200
6256200
8105600
7114800
9862100
10095600
8896100
8877000
9462700
8843200
10832900
9428400
10366800
8117600
9028700
9619900
10145400
10192000
11008100
10676900
10100000
10546200
6910600
3678100
4127400
5582700
3108800
2819900
14034600
10766700
11789800
10336300
10982600
11718900
9903600
10666000
12613500
11240900
5466900
11577400
10960000
9747000
11191400
11268600
18090800
11813800
6579200
6631800
7032400
6502200
6399000
6690000
6795400
6819800
6712500
7372400
7491300
3753600
3513000
3852600
3296600
2632300
3101900
2820800
3288500
2650200
2993500
4437000
4054800
3927100
3737900
4612300
3231600
3716500
4099900
3679300
3734600
4420000
3781100
3482700
3379700
3448100
3379500
3453600
3397600
3415600
2929500
3450600
3351600
3333200
3304600
3158700
3374200
2832700
3114000
2823900
3090300
3405400
3402600
2883200
3047000
3879300
2809500
2757000
2862600
3505100
2920500
4000400
3539700
2841000
2894800
2831100
2850100
2784600
2827300
3387700
2837900
2789700
3278500
2774100
3389300
2808400
8887000
2852900
3432300
2963400
2688400
2987400
2946000
2982200
2931200
3410000
3397400
2700900
2950000
2822400
2949100
2696400
2805900
2390600
3600200
5506100
3495500
4090800
3475700
3582200
3427600
3277700
4021000
2897000
3305100
2823200
2827900
2834500
2891500
4091200
2762300
3679600
3919400
2796700
3151700
2817800
2628100
2834600
2824600
2809000
2848300
3080800
2943300
2730400
2961600
2973100
2904000
3330200
3666100
4543300
4197100
3899000
2184000
3002900
2531300
3671200
2677100
3129000
2521900
2869500
3432300
2730100
3236300
3199300
2914300
3008400
3191500
2991700
2905800
3055800
2786000
2549000
3076300
2731500
2718700
4468500
2811900
2783500
3283500
3104800
3848900
3254300
3333000
2444700
3977400
2781100
2755600
5860500
6951700
3347600
2572200
2963000
2781800
2884900
3120700
2948500
3445100
2838200
3893000
2450400
2622100
3480700
2857300
3294600
3494100
3286400
3614500
3866100
4435400
3980700
3655400
3428800
3258400
3033400
3491500
3655700
2981000
2968800
3070400
3438300
9574700
9173700
9218800
9812200
9035100
9862700
8991700
9456900
9315500
11395000
5893800
4222100
4814500
5601500
4493700
4793900
3721900
3245500
2749600
3244900
3451900
3063800
11585700
2681400
3192800
4032400
4148700
6001100
10998300
6333400
9510900
7559000
3066700
3556600
4478100
3328000
3935100
2773400
4256000
5247300
156090800
118418400
75005400
55873700
35661300
15763400
4889100
4942900
23660200
7533600
11120000
3813700
4098200
5939900
3986300
3070700
4073500
4612600
8263700
2805300
3332800
3605300
3093800
10098400
5351600
5116500
3900500
3335300
2489800
2803400
2442200
3397900
3519100
4347800
2993100
16067500
3516600
2505300
4680600
4116600
4018600
2962900
2984800
3118100
3037100
2543600
3265800
7092500
2530900
3128700
3228300
3063400
2656500
3514300
3492600
8134400
4320200
3037000
4404500
4937900
3177200
2276600
9354200
8018600
9378700
8612600
9580500
12585200
10504400
4784000
4612000
6030800
6616700
5809500
3565100
2940000
2700800
2708700
2862000
3348100
11203400
12059800
11135300
10239400
10841600
10894000
11415300
11518800
18698700
10505300
2721600
2638500
2674400
10397600
11020200
11328000
12828900
9463500
36449400
8556700
3700100
3230500
2777600
3817500
4177600
3656500
3789500
4303300
11599500
11181900
13543700
15282500
13218600
4612500
3014700
4642800
7704800
21800200
7490300
8573300
7225600
4760800
22476600
3190100
3805900
3265400
4261000
2749500
2883300
3156100
2863300
3020200
14328700
8713200
3733200
4054400
3021300
3296900
3010000
6501800
12478200
3816200
2938900
4104400
3766500
4725400
4889600
13944700
5351600
5916100
4401000
3430800
3290000
2790200
2616000
2553800
3987800
2611000
3135500
3391700
3540700
8737600
11492800
10684900
13147000
20511500
13168000
16955700
6523000
5393800
4763700
5316200
7122500
10002500
9985800
9964600
10516500
13058200
10580900
11748400
14334200
7332900
5245500
2781800
3625200
2785800
2802900
2444200
6867700
6113200
13196500
5555000
4631100
7024600
5455000
6024300
5257500
5035600
3838700
3911200
4773000
3985600
4040700
7576800
3659300
4179200
27884300
7176700
7493800
5055500
8366400
13129600
27586800
116119700
92517400
74458900
48043700
39677400
25160700
17073300
6875500
37184000
33320700
43573300
40219500
22069900
9237000
4597400
13686800
6599500
14613100
8680300
19888800
27353100
20718000
36652400
30392200
11286100
6360200
46807100
97737200
61693200
10887700
5620700
4319900
5736000
3126000
4278900
3242800
3505100
3480700
4291000
4980500
7984500
2630500
10715600
11655500
9460100
9861200
10274300
7304900
7892000
4974300
6138100
3412500
5576300
3615200
7287900
4040000
3495000
4039800
3205200
5066600
2913000
3160900
2497600
3656700
3793100
3532800
3403100
2801600
2970000
3567300
3015600
3196500
3794000
2336900
3206800
2704000
2430400
6811000
9412800
11587800
7328200
3877900
2591000
2638600
2949500
2720900
2358400
3011700
4841600
4068700
3613200
5288600
5864700
6246100
5895500
5047700
5863700
5492800
6475300
6722900
5677600
3739200
5161400
4456600
3470400
3393300
3486400
4750700
4372100
2560500
2684800
2432100
2489300
2876600
2821400
7327700
8030200
8891100
9423700
9277400
9010800
10234500
8128900
10046000
10053500
9573000
9844900
9825900
6629800
4225300
8070900
8523300
9757100
9245000
9106900
10918400
10132700
11486000
9401400
10053800
12964600
10861700
15527900
5365500
10095400
8224600
9912200
9167700
3844900
4410400
3828100
9047000
11122400
10623100
10058500
14026600
5829300
4852300
8946100
9098800
12053700
10766900
10181500
4400200
3404300
4552000
3494700
4085500
3392500
3036000
2772800
8838500
8742900
8521600
10966300
9219600
8371100
8649300
5915400
6245300
8451400
9122900
8514900
8814000
10509200
9205800
9337600
8866800
8508600
9665000
9022500
8774800
8689000
8767000
9559200
9676900
9561700
9106900
6611000
11287300
11653100
20485500
11154400
11897500
10327600
6233800
5597800
6275600
6677000
6337000
7141000
9877800
9781700
8649100
9873500
9944200
9138100
8908800
9146300
8386800
9936600
8968300
9375400
8346600
8611000
8887300
15057200
9227200
8564900
8219600
8478700
10762500
10486000
6178800
4877900
6305900
4677700
4944500
5623100
8084000
9920500
10366700
10328200
10613900
11755900
10661600
10510700
6444900
4358000
5051600
4288400
5088800
11280000
6004500
6930600
7475200
5418700
5857300
4213600
3379500
2549800
10762800
11463900
10498500
9433300
11576700
12476400
7858300
3082800
11846500
9976700
10624400
10667300
9861200
10445000
10393500
9673700
11742300
10715200
9822800
10532500
5982400
7224000
6826600
6810600
7162900
6232400
6416500
7395100
7665900
6705100
9876500
10602500
9459900
9533700
8118900
8692100
9338500
9313100
8837200
10564200
7803600
5200800
9783400
8822100
9544400
9582300
13308600
12096400
10623900
3776500
8622600
13666300
2715400
2928300
3602300
4381800
3498700
3392500
3425700
3329700
3085900
3211800
2949800
3263600
8078600
10832400
11081100
12368100
10380800
9832400
3541600
3395700
2913800
3382800
4299000
2793200
8641400
9091100
8774000
9991900
8988300
9598900
8541900
9853400
9827900
9412900
9328400
8540000
10599900
8451200
8649100
9239000
8277400
9789400
8661200
9304600
8100100
9997700
7963800
8195500
9341300
9898300
9579300
6831900
2840700
4144700
2854400
2959800
2922100
3822300
3604500
5982300
5813600
5925300
5812900
5943100
5635000
5875000
6424200
5991700
6419600
5695900
5833500
7265100
5697200
15309100
5430600
5730300
6106900
5488200
5895200
5487900
5134700
11930700
7019000
6202400
6578300
5134700
6514600
5566500
5481800
5821500
5928600
6039300
5943300
5938400
5708500
6431700
7920100
6487600
6964600
6844800
5625300
5736400
5859100
6139200
7213800
7421800
6567200
6899600
5475400
4963900
6690300
5636700
6231600
9870100
9856800
9559500
9371900
10354300
9910000
10417500
11798400
10860500
11490400
10587900
10277400
10266600
10584500
11384500
10790000
10177000
11087000
13309500
12776200
11589500
11599300
11965100
10986400
9674900
10208000
10032300
12201400
6493900
4225000
3682300
4497900
9307900
10427800
9699500
9349400
10211500
10678200
10026000
9770200
10245400
9705900
11173800
9944800
10566200
9925600
9966400
11251300
11244800
10221800
10777700
10773800
13951200
10926300
10772200
10881700
9931100
11017800
10776000
9595700
10633100
9042600
10470400
10457300
4138200
6551600
3337100
4041300
4251000
7766000
9440600
10726300
11015400
10792100
9230100
11760200
15205900
12598800
6504600
3541900
3540100
9044200
4579200
6883400
3198400
4574500
20751700
3417200
3131500
2702500
2724500
26229000
4950300
2496900
3323400
2990700
2988700
3650400
2987800
3017300
2857500
3124200
2863500
9321800
9400500
8665500
9395900
9494400
12278500
9644800
8642800
8490100
8911100
3697000
3232200
3570600
3233800
3467300
7832200
6693000
4197200
4481900
6224900
6087100
6335600
7917200
8511500
5928000
6612400
6033100
7231700
7151600
6582800
6397400
5660600
5886400
6355700
6503700
6594200
5192700
5901800
5644800
6899500
8641200
8549500
8909800
7197400
8004200
9694600
9346100
4351500
13369700
19324000
10949900
4239200
11646700
10401100
9622200
9748300
11280300
11252600
9758600
10408600
10676700
12502500
5261600
5846500
5339200
5580800
5595600
5968500
4129600
5087300
4967400
4213000
3461600
2730500
2836900
9148300
9549300
9363200
8885600
10268000
4477800
4771900
8145300
9133500
9169600
9436800
10391100
10838500
10164600
4499100
4002800
9174200
11822100
13015300
10464700
11107400
12432700
8520600
3587000
10052800
10833700
10432700
9487000
10214600
10359100
10650300
4210600
8573700
9094900
10199100
12390800
11148300
10867000
13875600
5516800
2763000
2938500
11110100
10746800
11313600
9946200
9849200
13205400
10931900
12004800
11841100
9486300
4902500
2991100
2894100
2065400
10948900
13398000
11779500
5350600
3458300
12362400
10836100
10721100
11507800
9165400
8260900
11396900
11563500
8401000
3561800
2796400
4470200
3354700
3126400
2334100
2675600
10464300
11131400
10422000
10472400
8850200
8690900
10525500
9734800
9744400
10597400
10247300
18768900
9574000
10661500
9869200
10633600
12254100
10765200
8409600
3350100
9634100
17704100
9648400
10834000
9440100
9565500
11016800
9522200
10510200
9938400
14304800
13340500
4942400
3561700
11398100
11787000
10253300
9828300
10477500
10539200
10427400
10936100
10196000
10973800
18191700
9228400
9828100
11152200
9954400
10342600
10600500
11415800
11278100
13365300
4855800
9526700
10175300
10795500
9212200
12500800
11405000
12382300
11074300
10159700
11626400
12295700
9736400
10135000
9431200
9923100
9708600
9795400
9869000
10108200
10523700
8691100
10469200
9861000
10422000
9348400
19861100
9510300
11745200
11190300
5121700
5460300
4428600
4006500
3558400
3775800
5896000
6735200
6452200
7303200
6585000
5973000
6309300
6246400
6245000
6738000
6382700
6013400
6268400
7172600
6756600
7461600
6750300
5996500
7267900
5742800
5930300
6613300
6493700
5955700
6063700
2615500
18921400
11041100
9619000
11401200
10835100
12149200
14363900
7017600
7195500
5635100
6235000
8175800
8453500
10849800
11086700
10422700
10503600
10112300
10821800
10369400
11038200
10441900
10028100
10224400
11488900
9955800
11004200
10629500
10471200
12065800
10270800
11482000
13522000
7528800
3365200
3415700
4556300
3353100
2776600
2372800
9826900
10938300
10067600
9788100
4736300
8984600
9890500
12224900
10642600
8874900
10218600
9390000
8662100
10991600
10366800
9637600
9706600
9863800
9678300
11758800
11005300
9882800
12143500
10197000
9960800
10197300
10454200
10666400
8453200
9626100
8449300
13793000
11959000
9327400
10501600
9729800
11033400
12331600
10472100
6024500
3768200
5616500
10493800
11170700
11651900
9475200
10295100
9744200
9518400
10666300
10353300
10975000
10186400
10874000
11147100
10114700
10474800
10444300
9900200
10551700
12238200
9691000
9125100
10641700
10665300
13996300
4071700
9902300
9061000
9791200
11024800
10477300
11968600
12913500
11248600
10994800
9411200
10143900
9869900
9180700
10839000
10220200
9632500
10347600
12579400
5069000
5003100
4852200
4778100
4821800
5273200
3197600
9954300
9287200
11060000
10750700
10268600
11607700
9961700
10128200
10017100
9782700
9793500
9953800
10017400
10644500
11344700
14150100
11870300
10759100
9839300
3384000
4244000
3587600
4991500
8599200
10012400
10526800
10267300
10229500
10010100
8784900
9390400
9678300
10737300
9594200
11106000
11352500
10757100
10037600
10212400
10187100
9593800
12330700
10865800
10448100
10222800
10630400
9742000
10342000
18837700
9797600
10491900
10671600
10791900
4752400
3238200
3884900
6027700
9523300
18532600
8891000
9520300
10541100
9937700
9527700
10013300
12906100
9704000
10001600
10563900
12002100
7268400
7092800
6325600
6362400
6959400
7419300
8376600
4131000
2795700
10107500
10618700
10317700
11172200
10845000
10831900
10217900
11293900
10734700
8530800
3800600
8842500
9489400
10372400
10742200
10021800
10439100
10467600
9573500
10211800
11653000
10894200
5446600
6651700
7294100
7337300
11707400
10074600
11716800
11203000
11425500
11524600
10390300
3568500
3120000
2407300
3328800
3409900
9084400
9870800
9665600
11314900
13217300
12508700
7746400
4541600
17504500
8545700
3194600
3901800
11032900
14697700
13099900
11502000
5986400
2582700
2610900
2754900
8316400
7341800
6559400
7170600
7634200
7344500
6689800
3362200
2694300
2711500
3145500
2704000
2658400
9578200
9657400
9213100
10101100
11600600
10257400
10282700
11136700
11740600
11154300
6738200
6125100
3380500
3697600
5457100
10949100
11594600
13482700
10822600
10870200
10476700
10688000
11162100
10831700
12113200
10559000
9735100
9810700
9502900
9741300
9803800
10080700
9984500
7052100
3148800
3290100
10197600
11794300
11734500
10139700
10892500
9856100
12352000
7686300
10602500
3318200
10490000
11759700
9444000
10154200
10955900
11430100
7507100
4840200
4935700
4885600
4798300
8954600
9621800
10912300
9727900
11372200
10306200
10932700
3988700
10541500
16480600
9644400
9421300
10417900
11934700
11476400
12277000
11157800
14322000
11937200
5345700
3332500
4678600
4209900
2954300
3321200
48155000
19171700
2474100
3784500
5381800
10652400
9867800
9036200
10054900
10526000
10809200
12684400
9845600
3883400
11151700
12374800
4834700
11046100
10100500
10126100
6697600
5979500
7564700
6537100
7042700
7877700
7469500
7757400
5811800
7010500
7615700
5658900
4262900
4005600
3285200
3342500
9633100
10336700
9743600
11795900
9182500
10301100
12028200
10987500
12381700
10117300
4305600
2887100
2953100
2675200
3021000
3142200
3122000
3100600
5110900
2932800
3021200
2941900
2890500
9643100
6176200
9156300
7557700
6979000
7363400
10977400
12480200
2718800
8926300
9810200
8544400
8423100
9496700
5246600
4764600
4919900
5117500
5079400
5770000
5019100
4581700
4062900
5024100
7299600
4603800
5479000
5558100
4779100
5458100
5593100
4245100
10058900
10976700
10263000
4397500
7683500
7428000
8981700
9067400
10658300
10684500
3823400
3503100
11498300
9994600
10635900
12778200
9654700
4077700
3223200
8429400
2855800
3825100
2364500
2284200
3046800
2551500
3267800
2854700
4662200
7020200
7805600
8278300
8579600
8414200
8719900
7261700
3902200
3122300
2765700
2673800
2984200
3321000
3869800
4222900
3023300
3080500
3598800
2948800
3245700
3690800
4196300
2781700
11340300
10386400
11682000
9783200
11049100
12260400
11359700
11226600
11006300
10947500
11451200
11324700
12222000
10883300
10217300
11368900
11488900
4928300
3712200
3442100
5041900
4122100
3635800
2867800
3763400
2908100
10076600
10242800
11581000