23306
23272
23273
23244
23239
23220
23221
23202
23192
23188
23173
23197
23173
23161
23143
23135
23150
23147
23154
23156
23167
23167
23179
23172
23155
23148
23133
23169
23151
23145
23144
23137
23152
23131
23128
23123
23110
23138
23136
23125
23109
23116
23119
23153
23141
23132
23126
23113
23138
23115
23119
23091
23082
23095
23089
23090
23073
23065
23052
23065
23027
23001
22987
22969
22972
22951
22934
22911
22903
22908
22876
22867
22861
22845
22901
22879
22880
22887
22875
22860
22879
22874
22853
22864
22842
22858
22859
22855
22869
22875
22906
22893
22893
22891
22884
22895
22878
22867
22865
22862
22861
22882
22885
22884
22880
22866
22890
22876
22871
22864
22866
22935
22935
22930
22911
22904
22928
22922
22925
22931
22948
22955
22974
22976
23001
23022
23036
23067
23074
23067
23077
23077
23116
23101
23097
23096
23098
23102
23155
23159
23161
23160
23158
23176
23173
23210
23235
23255
23335
23355
23345
23344
23335
23345
23327
23316
23290
23271
23262
23279
23266
23260
23242
23239
23256
23247
23237
23230
23220
23255
23246
23249
23253
23251
23276
23259
23253
23248
23233
23209
23219
23218
23210
23202
23192
23216
23210
23206
23197
23190
23204
23199
23191
23180
23179
23168
23231
23226
23216
23201
23191
23191
23170
23157
23150
23131
23150
23133
23132
23138
23138
23177
23176
23150
23102
23068
23028
23039
23008
22994
22984
22959
22951
22941
22922
22899
22883
22892
22876
22851
22832
22821
22822
22803
22791
22786
22773
22755
22758
22741
22722
22691
22673
22674
22654
22640
22619
22597
22607
22604
22586
22575
22550
22568
22558
22549
22526
22492
22468
22472
22452
22433
22402
22383
22385
22367
22354
22324
22301
22304
22276
22282
22259
22242
22249
22227
22206
22190
22161
22119
22120
22136
22154
22133
22118
22126
22100
22075
22063
22055
22065
22050
22046
22073
22074
22094
22100
22101
22076
22046
22045
22066
22052
22028
22023
22003
22015
22008
21986
21971
21943
21939
21926
21928
21902
21878
21935
21920
21910
21898
21886
21876
21893
21875
21859
21839
21823
21837
21828
21821
21808
21786
21795
21771
21742
21717
21694
21688
21679
21655
21642
21623
21605
21627
21609
21589
21577
21586
21631
21609
21599
21587
21580
21592
21582
21575
21565
21555
21549
21534
21528
21521
21549
21543
21556
21543
21534
21529
21516
21525
21522
21516
21530
21549
21607
21632
21649
21650
21641
21652
21635
21608
21593
21591
21593
21601
21593
21584
21562
21561
21587
21584
21574
21569
21559
21571
21556
21549
21536
21527
20070
16754
13333
9793
6361
2926
