1760943769
722570387
2135021
5734798
1856358
-141789
657449
925913
290616
528827
884040
-16266
512001
-718519
107760
395302
872406
995088
524125
848509
76286
488109
833041
71742
526053
813325
31468
807656
822022
115618
521967
799900
-28603
21273396
813708
1463
400188
-803820
-10822
-892946
749182
-27091
363099
1694807
-99924
382391
1025460
-58007
423130
730204
-79229
269039
2771023
-159097
361969
585152
-138616
-1135685
687215
-79353
321090
689113
-125687
236534
690621
-152988
257149
650288
7254373
206733
934803
-176332
-1165590
683887
-148953
286881
660735
-224363
1937478
27107896
-216492
12003064
600897
