1894420294
692558924
-1562343
-1235510
-1049175
-1226096
-1271242
-7027
-1238440
-959526
540409
-1042885
-1284467
503653
-1455088
-1248386
-1003237
-1263018
-1409645
-1121460
-1597630
-461885
-719571
-1621675
-1357485
-1052803
-1635063
-1362233
-1108830
-1647698
-1296943
-1132125
-1604087
-1323018
-1140923
-1636829
-969227
-1026741
-1679363
-1401809
-324997
-1585224
-623383
-271434
-1711371
-1450323
-1224881
-1582854
-1446642
-1067198
-1581783
-1296555
-596858
-1687245
-62238
-1191377
-1732521
-1280235
-1081660
-445996
-1312356
-1138368
-1659322
-1379359
-1213007
-1471028
-1107622
-1176712
-476823
-664527
5239
-1623739
-1212151
-1304458
-1693475
-1527312
-1201177
-575652
-1505047
-479044
-1783302
521749
-1260841
