5398604321
7974830247
10458206964
12972846583
15508937325
18001606375
20481405488
22895101943
25386987892
27876938382
30377885190
32908241273
35520369305
38015277640
40526119084
42940174131
45472364954
48008348942
50588050482
53130992349
55658724407
58208443199
60799071715
63280073884
65839246984
68340979058
70833847426
73350320432
75831571982
78327542056
80808331608
83297850492
85861173334
88471534965
91082565726
93661672524
96206406523
98724374280
101248549305
103751478387
106258650128
108817650054
111393944745
113927226715
116450789346
118928319632
121459004736
