2818489626
2367912769
1909268821
1442830565
965651174
510511711
70475533
2037633
1828422
6078888
2006966
2066868
2134846
1878396
853878
689721
1514073
712574
1343615
2278494
2131098
995713
2256834
2722987
968442
1043073
1483026
1124294
2702568
2110900
764420
905335
2015132
2135777
541604
1266731
1059012
2114678
1931125
145443883
2302189
2131600
1820156
2191572
1990605
1454393
2235204
1229601
2737694
2309563
5427408
3065358
1841566
1272402
528259
1733143
2844173
536163
2661412
1820347
2738465
3179571
1623158
2206801
2223682
1192933
1817902
2967544
3055189
1020810
2194227
2271611
1801672
1756207
2060176
1838241
697927
2100130
3864743
1952134
2755247
1903452
2010513
717543
2172406
1953456
2887845
9546799
1067247
2242688
2228481
1537608
926684
951230
2073621
2982542
2175963
2846388
1230613
2166035
2570422
1690294
774360
2397266
3806615
566821
515154
2709451
2295677
518751
