2781185139
2296699345
1866508118
1410084098
959483734
458842475
1960208
1606696
2042712
1833802
1744965
540051
3598524
3496233
3155956
13497459
2776435
1911357
1556252
1966580
1962633
1801451
816989
1420679
1975958
2641854
2694512
2033135
2073200
2717996
969425
2221848
3001107
2144723
2024999
1746770
2134775
1052209
632294
1787836
2108276
1676316
637203
1126498
958894
1904114
826216
2427582
811759
1733905
1818913
1710962
1474440
824813
1698289
1033023
1871703
776914
1663653
1930683
1723676
1796512
890035
792182
1946644
2916247
1956481
1791993
1896509
1405080
1394861
1007816
616533
644106
1851826
1024717
1432161
1093486
1518812
1587882
1663262
1046929
1826889
1846645
3754807
1016582
793265
2232128
1756437
2177785
1178797
1004009
924019
1231515
1335990
663992
887471
2188797
2870772
2591681
600845
1737632
1116810
2106222
1861113
981668
7099007
1856434
1968064
