2638651428
2189501568
1741774864
1338741957
909934926
469320041
17821820
2814435
2097635
953283
1008347
1704839
2210595
1775452
1935120
1838609
1162495
2226334
2182664
2233519
8789645
1974474
2897651
1558746
1128040
2358614
1633356
630750
1938086
2113004
1818222
1836266
1678130
1245640
2305133
958583
1286006
2206678
1669753
1182472
891658
7143436
1726379
1796291
4303531
2022404
1929661
1914912
1959526
2113594
1792804
3497805
2137980
2631533
1675184
2069021
17311100
923999
699709
1793155
4340491
1540031
1698928
2678192
4064635
2000332
1735077
1779660
1758290
2395442
1836697
1933347
2172495
1680525
2094909
1994712
2156445
2129535
2063010
3497484
2174008
1934169
2074291
2184037
2178797
2087936
2023967
26887451
3034358
1671187
2106041
12782278
2251783
1922638
1951482
1461364
2726562
2327525
1053922
2305334
1907710
2182374
1790570
2328538
1988060
1941263
6123900
2017305
1224040
