1917460422
814417039
-1934678
-1541388
-652674
-1845660
-1612677
-760272
-1911057
-1476391
-1298348
-1576452
-1565906
-1285257
-1580765
-1483718
-563113
-1694237
-1665939
-257618
-1630921
-1540633
-1348414
-1638080
-1492215
-1454517
-1882832
-1632118
-1469094
-903471
-1527717
-1460747
-1989620
-1703793
-865014
-1856722
-1664544
-1528962
-1887230
-1619392
-1409639
-1483146
-1678504
-1439606
774925
-1740834
-1444422
-1947153
-1754240
-1583337
-2054283
-1741110
-956696
-2043008
-1393410
10452
-1979458
-325644
14470
-2000275
-1488829
-10586
-1765250
-1509579
-383886
-1939160
-1517016
-1614948
-2030946
-1476058
-1614206
-2069582
-983209
1504848
-1803504
-1711315
-28553
-1803514
-1580528
-702016
-2055076
-1534532
90289
