16305052858
17818061377
18529633845
20584794549
22119508508
23857311431
25752218809
27417064499
29098001808
30789717635
32436304911
34085022597
35778466592
37432696990
39252302292
41048867567
42996562554
44798710169
46582587965
48297854926
50009597642
51694073176
53383910685
55046230531
57102119430
58856313272
60485658787
62188037820
63910371719
65585686741
67263140094
68961086738
70616487071
72314047803
73955481008
75533977280
77272097335
79021207603
80726702877
82351270314
84040281333
85767138235
87428685746
89141839485
90894231232
92547777100
94246335005
95932949045
97671158664
99358681096
101094618200
102796876917
