5108146682
6669816762
8235147338
9788395703
11272226555
12785619207
14234222723
15777795204
17167293452
18583408852
20079528503
21548872615
22979469279
24376761157
25783336668
27155776375
28599598104
30048162428
31601737729
33135322127
34620363125
36097331930
37608428459
39111943054
40673061366
42675238480
44412025106
45948166779
47515964269
48930345078
50450500049
51931806329
53453365825
54902332927
56454393600
58016437361
59584402591
61168703942
62788547263
64270548330
65795127977
67313092392
68861479132
70437759906
71994184340
73624065694
75269524745
76833983238
78394129230
79984876683
81597043916
83232530849
85070253515
86492393644
88027321017
89564875873
91047858404
