3729735570
4185803294
4743971022
5249103099
5610820620
6147789059
6875007290
7830245983
8080867854
8585889473
9270802071
9649885518
9878061290
10501147942
10974085236
11457755181
11970182839
12634896359
13240007605
13793609569
14357195820
14935931316
15473146015
16122553905
16602435874
17132675902
17456138657
18270333124
18686227128
19495768490
19712647374
20363693266
20950962796
21503986673
21916082179
22483714960
23171293349
23952151980
24586113349
25132108455
25802524236
26309426718
26847943760
27522759802
28061068815
28597617669
29235011542
29583619368
30176361614
