4627804190
4659881409
4669108360
4672791854
4682632892
4693946051
4697708201
4695860138
4701052671
4705256175
4708613799
4710534117
4715795738
4724617593
4731198499
4738786197
4747978795
4755261753
4759459748
4762354938
4767366422
4769205158
4775392319
4777815697
4785356237
4789682931
4793691432
4795378474
4799981796
4804822541
4806705610
4812261081
4816850656
4818429086
4821642961
4823518405
4828085369
4834805766
4839571101
4840850742
4842597015
4846150826
4851022288
4852482616
4856698124
4862686023
4865536720
4868561321
4870461181
4879851107
4883981024
4885413621
4889684771
4895560110
4903013568
4906051514
4911006122
4915160855
4918304650
4917198774
4929564449
4934954831
4940891936
4945403115
4947050623
4955107027
4959467405
4961128890
4966434384
4970642187
4977565112
4981250579
4987227717
4990611410
4993182705
4990732706
4992891029
4995027863
4996356765
4996382724
5000897891
5003498019
5006493276
5006562666
5008304650
5010238304
5012995105
5013457890
5017718181
5023764699
5028873705
5025662354
5028119636
5031119191
5033752822
5036091001
5040303081
5044135292
5047547839
5048540043
5051890854
5055635050
5057255709
5058519510
5063728554
5068469443
5072922022
5076289264
5079173894
5081214698
5085851943
5085982686
5091882500
5099152445
5103920875
5107398293
5113800917
5119488896
5122584380
5123221430
5128863673
5130476065
5131726452
5137794931
5140941271
5144069606
5149193010
5152125950
5160635962
5161621763
5164310739
5166071317
5170006971
5175983470
5185164594
5185237992
5188568135
5196103796
5200176275
5204302936
5210555028
5215494989
5217558445
5220185534
5222213253
5237605565
5240096618
5238029787
5243643776
5246103913
5249957194
5246900653
5247791958
5249984515
5251829633
5249224074
5255227041
5257439595
5259049774
5256427484
5257413888
5263772038
5268149137
5271945250
5277490882
5283944782
5288377926
5287221194
5291170212
5295649793
5299859209
5300803774
5302624637
5304890270
5308172253
5305054065
5307284564
5309216434
5314965006
5318113147
5320491853
5326032566
5329658131
5333909674
5336532847
5342477455
5346203977
5347382479
5350575707
5353241267
5357153196
5358418681
5360565983
5362543078
5366565093
5367001047
5369693188
5372898037
5376812101
5379136042
5382901428
5385312384
5390854880
5391838649
5392860669
5394195393
5397841776
5400774136
5404863266
5408332799
5410324179
5409922008
5411398257
5414309307
5416436832
5415635935
5419006734
5420862791
5421774866
5419636330
5420503912
5422215780
5424340621
5426605562
5429599286
5431539613
5433461514
5433102834
5435717098
5439505077
5442643070
5443343599
5444989835
5447272620
5452163951
5453740156
5456314616
5461497030
5463231721
5464200701
5465271563
5466351340
5473164702
5473762820
5479416864
5485485313
5492009474
5496880246
5502322094
5506984987
5508853508
5515930192
5519760680
5525714645
5528201491
5530641000
5538233187
5541509128
5542549702
5542844693
5546958410
5552145442
5555572276
5555608414
5560304268
5562260754
5564635892
5565635008
5566948202
5569555835
5572084910
5575227622
5584921036
5590024672
5592017706
5591261853
5593404117
5596607983
5599939909
5603479363
5606608731
5609803680
5613483035
5617777750
5621435155
5624709423
5627535593
5627682478
5631334211
5633626875
5635842907
5635753819
5638053437
5640074744
5641763550
5641846654
5644466400
5646420381
5648334759
5648637674
5650949183
5652631998
5653642426
5651129851
5654100141
5656886197
5659911280
5661500408
5663605491
5665580342
5666957266
5668267614
5672458616
5673782098
5679640665
5681840395
5684188773
5686360843
5688971070
5690411993
5691751044
5694129358
5695868938
5696094510
5698293799
5701483441
5703734998
5704213762
5706122639
5708026867
5710155664
5714957327
5717355198
5719922303
5721993354
5723720210
5726001994
5728519308
5730805299
5730884578
5732364002
5733838016
5735268309
5735024122
5736557949
5738895266
5741911712
5745776866
5747677858
5748973337
5751214075
5750026185
5751572845
5753750214
5754941901
5756119050
5759923920
5761701221
5763019604
5763057635
5764616738
5768994839
5770204238
5770647668
5773047041
5778018200
5779703188
5779653315
5780394150
5781746587
5784235828
5786204426
5788322835
5791940365
5795292318
5797316380
5799238461
5801686606
5806663265
5809390821
5810944535
5812804771
5814199918
5815796431
5817802510
5820554902
5823540942
5825366884
5826928252
5830145583
5831910240
5832825050
5835583685
5838557191
5842272633
5843780452
5845097703
5847430381
5849733335
5851316563
5854217403
5856028206
5857900595
5859618185
5866472542
5871180590
5874300309
5874020646
5877342964
5879430475
5882056773
5883406104
5885970295
5888111988
5891066689
5889786186
5893265807
5894725706
5896502406
5896962275
5898280759
5899607647
5900772104
5904127293
5909172781
5916366883
5919671658
5919656770
5921296614
5923935957
5927026151
5927228579
5928401040
5930160117
5931355029
5930778612
5933386796
5938432234
5939776054
5940129515
5941699900
5945294556
5948225343
5951644261
5954391815
5957331879
5959907722
5961165382
5963564656
5967973154
5970533978
5972401387
5975094891
5977935338
5981064615
5982100801
5983488174
5985101488
5987972504
5988233691
5990131447
5991859546
5992997332
5993263269
5995758151
5997698958
5999823036
6002691186
6004344305
6008026125
6011720138
6013666785
6015662695
6017911586
6019104666
6020100656
6020977575
6022313642
6023994422
6025186470
6027027971
6028821833
6033659011
6033320569
6035979858
6040099616
6041661263
6042301791
6043787177
6047362909
6049602623
6050711445
6052332503
6055693965
6056654060
6056799711
6058567675
6060348913
6062630236
6064468892
6066505768
6068629516
6072003811
6072571582
6074681955
6078753203
6088546191
6091073374
6093299604
6097155538
6100979945
6105995376
6112441322
6116229611
6121813594
6129368481
6134298303
6137120355
6140391909
6140318411
6141332196
6142658965
6144807469
6144171461
6146791356
6148279518
6149178968
6148407486
6150960977
6154194519
6157735095
6158620370
6159976153
6160933933
6162120400
6160842672
6163113064
6164220494
6165068298
6163660528
6164726790
6165804834
6166948050
6168483350
6169332386
6171558545
6173190214
6171783115
6172356066
6173356455
6174301030
6176247747
6177621464
6178696223
6179681574
6181229587
6182095024
6184600976
6186667568
6187088744
6187951346
6192810546
6198839482
6198882633
6201620288
6205936974
6210930264
6211736921
6217234343
6218490010
6222234187
6222265464
6223167520
6224756699
6225638958
6226044756
6226973923
6228095168
6228947641
6229866498
6230605879
6231733486
6232628900
6232404921
6233006785
6233679071
6235620449
6235182011
6235828388
6237131042
6238038999
6240253476
6241792102
6245538352
6248481892
6246310515
6254120057
6255073439
6255901977
6256019977
6256732759
6257348018
6261657832
6263451102
6267736209
6272245796
6275014520
6279421043
6281342314
6282801841
6285317772
6286537491
6290073308
6299123358
6302660647
6301585860
6312575315
6313903326
6315428175
6318939777
6325604961
6327167902
6328494961
6329230195
6332608367
6339407863
6344691045
6342795452
6345042993
6349130320
6351003760
6350145106
6354464377
6358346771
6360456885
6360599881
6363579458
6366849379
6368656405
6371026124
6379059544
6383490514
6388776571
6389620468
6392637265
6398592874
6401509303
6405066279
6408940168
6412103850
6417257250
6418416737
6421931213
6424482851
6427351561
6428145605
6432082962
6437704085
6439092881
6440432164
6443707734
6448713377
6451562591
6453248551
6457417261
6461260934
6464255700
6466449248
6471646809
6479068608
6482468240
6481705976
6487166619
6491257945
6493088575
6490941563
6495185855
6500671644
6503181775
6503501592
6506138589
6511725869
6513218900
6514544427
6522233184
6528050955
6532835314
6540851953
6544658416
6551120702
6552585549
6553859640
6556438949
6559473039
6562561881
6565443936
6569488654
6573602852
6576319978
6579963206
6585439549
6587006036
6591079868
6596085832
6597755663
6600269970
6605619967
6608660609
6611606814
6620028009
6624087114
6627432075
6631023926
6633608326
6636541998
6637089680
6640594659
6643163500
6647903817
6652103524
6654854856
6656144325
6658940570
6661830601
6664496712
6667679189
6670109400
6673424695
6676721074
6682364990
6685093929
6688422510
6689548393
6690374476
6693261972
6695366945
6697916700
6699733585
6700958503
6701201608
6702699136
6704266094
6709893820
6709821124
6712005576
6713285047
6713684272
6720610093
6724886825
6731330035
6737209641
6737854757
6742553927
6745056153
6750880516
6751593348
6753823485
6755311084
6756749452
6757148629
6758750692
6759797038
6762097776
6763627715
6765717770
6767198547
6768898714
6768000646
6771495947
6773974399
6776582381
6776799387
6778417300
6782606548
6785554276
6789254500
6793386601
6797012346
6799203120
6799573042
6801448686
6802813767
6804171143
6803980396
6805337933
6806657058
6808769896
6808993244
6810158400
6811887011
6813388116
6814524829
6816374065
6819111309
6821122487
6820978740
6822726515
6825281308
6827276117
6827780639
6829616088
6830824376
6832519073
6832495499
6834542804
6835594239
6837553179
6838166616
6839724597
6841450372
6842602093
6843305007
6844661742
6846350437
6847595935
6847332132
6847917926
6848962679
6851022928
6849591603
6850616048
6851625715
6853429085
6853201098
6855226153
6856671743
6858963416
6860194226
6861797882
6863019755
6867937324
6868414065
6871256927
6873545744
6877903758
6881167756
6882468136
6887392207
6889799855
6894067140
6897147405
6898993195
6901604032
6904813820
6906573488
6910829361
6912809952
6915811921
6918291544
6920115392
6922372339
6925010730
6926577347
6927943208
6929044517
6929425769
6930610744
6932145221
6933892706
6934292153
6935429097
6936666719
6938062638
6938826825
6940451151
6942100372
6943115229
6942950442
6943949187
6945947422
6947065690
6947196886
6948924263
6950596077
6951935470
6953179034
6955049740
6957225755
6959823309
6960430504
6961611280
6963771036
6965115297
6966039765
6968074637
6969642878
6971066648
6971509005
6973010491
6974948711
6976848121
6978651550
6981389977
6982928102
6984023078
6985090943
6990387871
6996424060
7000171533
7000402785
7001788103
7004360179
7008833858
7009729813
7011458432
7012364406
7014376075
7014917456
7017089385
7019402166
7021147247
7022623485
7024223135
7025637577
7027373201
7028129042
7029405498
7030863652
7032802105
7033139976
7034754012
7037463686
7039232340
7040597692
7042588641
7043822427
7045556738
7044277658
7045586062
7047137482
7048980025
7050548785
7052475515
7054262915
7055188475
7057817117
7062638215
7066656323
7067672292
7067479682
7068645411
7070978289
7073183630
7073773432
7076947784
7079229106
7081449776
7081797336
7083218972
7085335316
7087320015
7088445668
7090012345
7092299930
7093338270
7093988215
7095191944
7096797404
7098066105
7097349625
7098569315
7099513840
7101187988
7101551888
7102560122
7103692217
7104664775
7104024609
7104013798
7104567413
7105498854
7105358791
7105909129
7106672266
7107581064
7108009023
7109478169
7110524304
7111616324
7111747900
7113202237
7114361654
7115690998
7116146799
7117357992
7119408364
7121388183
7121455730
7122431744
7123326495
7124424197
7124284445
7125959907
7127647800
7129553000
7129914555
7131393900
7133088316
7134955425
7135421255
7136709182
7138446167
7140340637
7140398345
7142096328
7145062701
7146742309
7146344275
7147177803
7148651426
7149454387
7150091738
7152763951
7155178553
7156449718
7156687744
7159068642
7159895447
7160873384
7159863567
7160404328
7161404366
7163092260
7161309689
7162760019
7165306107
7169408503
7171031375
7172320664
7173312528
7174568455
7180309622
7181832187
7183517246
7184744680
7184587816
7185665810
7187099719
7191035204
7193042014
7194870609
7197645926
7199565413
7199710875
7201832088
7203161402
7206487487
7204640676
7206884559
7207851005
7209462676
7206591842
7209232396
7211328403
7212681831
7212427165
7214151808
7215326433
7216343945
7214532851
7216040648
7217239007
7218995820
7218902355
7220344390
7221253167
7222422492
7234199939
7235802013
7238009177
7239148987
7240216452
7241337576
7242846336
7244811688
7245434712
7247159345
7248473310
7251898260
7252275996
7253297925
7255420992
7257270058
7257263065
7258371144
7259659412
7260769116
7260435353
7261341195
7262668044
7268634844
7268442725
7270434727
7272730116
7274193119
7273591444
7274978627
7276054617
7277366168
7277318119
7278349636
7279366756
7281183211
7281297635
7282709062
7285130657
7286279162
7286256490
7288458586
7290161878
7291706374
7293416890
7294903619
7295794192
7297021005
7297091156
7298245463
7300406721
7301346117
7302300250
7303820700
7305738815
7307330378
7307805937
7309115985
7311046933
7312795931
7314702103
7315818219
7317276984
7318419078
7318851447
7321019998
7322735513
7323953169
7324678585
7325604845
7326700494
7327849179
7327553226
7328922535
7329997614
7330853202
7327844891
7329140602
7330799302
7332381999
7332666751
7334561742
7336272018
7338344742
7338867678
7340740307
7342755623
7344393102
7345011538
7346272354
7347510848
7349681344
7349388647
7350617013
7352163702
7353141089
7353142781
7353881973
7354637064
7356269374
7357110435
7357658390
7358202446
7358720564
7358192167
7358995268
7359831259
7361068802
7361048364
7362157366
7362750524
7363848556
7363421428
7364304098
7364966735
7366460577
7366217282
7367472659
7368583173
7369365675
7369446236
7370669822
7371660173
7372676843
7372319095
7373396757
7374665389
7375549019
7374694322
7375464411
7376946139
7377640738
7377067977
7377505105
7380174142
7382188305
7383291938
7386749369
7389835044
7390934177
7393111796
7394819297
7398291876
7399069448
7398605281
7399298677
7399865186
7401412957
7402335421
7403059694
7404305803
7406348791
7408758293
7410978742
7412996172
7415702819
7420823377
7424517791
7427835430
7429772248
7434128499
7435939343
7438519213
7439426769
7440759670
7442013522
7443733346
7446169909
7447203210
7450120040
7454152525
7455487610
7456724371
7458275549
7459881490
7465738094
7466634157
7467860650
7472608562
7477509850
7478973274
7484405134
7485325294
7488178294
7488819532
7490402791
7494640449
7497903236
7497675761
7499511010
7500418827
7501920983
7503403904
7506404502
7507833452
7510467634
7511277286
7514910846
7518492438
7521595867
7521787926
7522767947
7524524410
7527987190
7528444604
7530992545
7534110271
7536758029
7538148296
7540464695
7542580488
7544307967
7546214018
7553798500
7554985879
7557958834
7560917563
7562234443
7566661736
7567931949
7570584595
7571583402
7574673376
7577025191
7577626645
7579968521
7581075038
7583112495
7582971922
7584057370
7585027102
7586314498
7585852846
7589324091
7591301026
7594220801
7596120070
7598911676
7599647522
7600873513
7601227675
7602365551
7604494088
7608205944
7609345443
7611988782
7619070414
7621955436
7626170090
7627778366
7629232774
7632168318
7632231117
7633160132
7633779640
7635808861
7637355942
7638190632
7639119287
7639677260
7639062531
7641256250
7644328572
7645801353
7648298620
7649640287
7651249834
7654303860
7654679022
7656273692
7658565423
7660207271
7662323446
7664956446
7668232157
7670867712
7674067501
7676600925
7678484895
7682607758
7682899864
7685418330
7686746602
7687613101
7688767849
7690902728
7691960594
7693523445
7695034939
7696307748
7699434410
7701792847
7701997540
7705450733
7706280643
7707242821
7707246978
7708577144
7710379321
7711241382
7712112019
7713890182
7714976841
7715513926
7715647084
7718873954
7721346114
7722769383
7724322565
7725834320
7728671732
7730196951
7730654036
7731769340
7733163966
7734988124
7734631228
7735936948
7736735489
7737330081
7741226692
7741920157
7742635434
7743672712
7743144635
7744656921
7745304051
7746641029
7746135884
7747448899
7748370009
7750453241
7750075957
7752536755
7753700961
7754378236
7754334614
7758201851
7758938117
7759638936
7761724443
7763663587
7764533572
7768457925
7768166560
7768749650
7769445270
7769976593
7771431371
7773565518
7776093773
7777117737
7778032687
7778701886
7779858257
7780471443
7779914683
7780960757
7784520960
7785136289
7785380486
7787837387
7790173241
7791379506
7791490172
7792695755
7794240812
7794803433
7795230451
7797863972
7800411923
7802059621
7800850582
7804625276
7806066579
7806692368
7806299104
7806743434
7809937803
7811504169
7811518145
7813822441
7814414378
7815032883
7816393797
7817268771
7817834197
7819922210
7819494480
7821960428
7823560569
7824142445
7823761212
7825925616
7826962705
7831433920
7831472030
7832051013
7832565825
7833070007
7833763443
7836044955
7837297486
7838293166
7839253732
7841421352
7842060958
7842575419
7843882221
7844549967
7846109993
7847358937
7847045280
7849563816
7850881980
7856093788
7855356410
7855811921
7856349306
7856941652
7856324719
7857269305
7859135011
7859823718
7861121072
7861792436
7862302680
7862826859
7863861252
7864714847
7868634732
7869584085
7870724296
7871640218
7872248955
7873019786
7872432748
7874350933
7875684094
7877418615
7874520170
7875203045
7877074262
7877774961
7877453470
7879250629
7882086116
7884100260
7883948787
7884943486
7885579394
7887738678
7889864741
7892925601
7896457270
7897394411
7898518111
7899558194
7901049070
7902828605
7902277385
7904655359
7905450876
7906057509
7907949043
7908754067
7909838383
7910462730
7912125548
7914771722
7916816913
7917758683
7916586372
7917029530
7917524996
7919190969
7918826829
7919951281
7920562903
7921903739
7921338783
7922009536
7922852551
7924599184
7925978102
7926640991
7928444000
7929206985
7928972848
7929477420
7929999576
7931797575
7933390632
7934513080
7935352217
7936777701
7935852292
7936583729
7937790043
7940931433
7937712708
7940430948
7941074130
7941715177
7941339996
7941846352
7943437656
7944055270
7944312240
7944853512
7945925936
7946436028
7945828724
7948559125
7949362085
7952389333
7951764405
7953883544
7955075071
7955769499
7954712524
7957402670
7961158368
7961992116
7961674724
7963663569
7964521933
7965650011
7964786708
7965524497
7966481996
7967941663
7969258564
7970599280
7971543904
7974215045
7973879087
7976548175
7977817757
7978393253
7978507406
7980416053
7982710249
7983512489
7986227391
7987069194
7987592192
7989177173
7989536574
7990879705
7992039972
7993720593
7994157799
7995832870
7996455132
7997502449
7997283000
7998706239
8001787196
8002765604
8003591157
8004434331
8005880003
8007200150
8007264620
8009193325
8009819745
8010575918
8011552943
8012088905
8012582407
8013108019
8016034187
8017983530
8019499783
8022385125
8022266893
8024738802
8028955071
8030816249
8031815906
8032652840
8033959291
8034594839
8034049630
8036575630
8038199575
8039188893
8039204663
8039799904
8041331497
8042117646
8043863748
8044632254
8045329016
8046727048
8046648753
8047840409
8050144254
8051340399
8051388489
8052232305
8053267900
8054311811
8055381040
8056955722
8059701082
8060951658
8061993465
8062784693
8064666269
8068191016
8070432845
8071396825
8074057036
8075291172
8076186446
8077018771
8080905133
8083152021
8082546259
8084906630
8088576447
8090561556
8090420203
8092660489
8093500868
8094367378
8094117701
8094856010
8096084517
8096972956
8097122566
8098487036
8099372520
8100826577
8100649496
8101289913
8101789747
8102269313
8101674932
8102450973
8103546359
8104364147
8104783331
8105864151
8106586811
8107099619
8106831548
8107899654
8108425917
8108893551
8107758790
8108169217
8108660926
8109461712
8108979221
8109543526
8112431602
8114379221
8112597582
8113257115
8114574015
8116055194
8115763287
8116467573
8117081751
8120716122
8120472396
8121064373
8121529582
8121964405
8121369944
8121837768
8122431207
8123105177
8122525393
8122908238
8123449790
8123967507
8123453577
8123829710
8124286333
8124714083
8124118941
8124646627
8125577075
8126560883
8126365859
8126816521
8127246494
8127689993
8127021354
8127432572
8127856775
8128950188
8128424094
8129004438
8129480970
8131374448
8131003746
8131502097
8133924783
8137268552
8139991750
8140949760
8142097965
8145166359
8145286303
8145716016
8146212955
8146737314
8147266142
8147925554
8148980506
8150145733
8151153726
8151679839
8152327400
8152822616
8153029161
8156660607
8157912266
8158745834
8159064899
8159723841
8160349289
8162222770
8162946232
8165010418
8168402768
8169179750
8168663434
8169137501
8169629721
8170130326
8169697246
8170158949
8171554397
8174645693
8174307401
8174821050
8176404799
8176900276
8176290156
8176997367
8177541754
8178768267
8178151554
8178884223
8179640195
8181624854
8181207214
8182926115
8183683060
8184228128
8184938957
8185468075
8186607054
8188470556
8188191093
8188626748
8191728753
8192553595
8191526866
8192057589
8192683668
8193384468
8191914100
8192513249
8193385349
8195353888
8196081578
8196639009
8198033404
8198756355
8199231033
8199705389
8202848983
8203457250
8203178789
8203705994
8204263316
8204956251
8204160663
8204554940
8205066757
8205755203
8205335258
8206215413
8206853785
8207457063
8207740954
8209132734
8211301918
8212556612
8212615803
8213852974
8215018522
8216407798
8216145608
8216680838
8217857868
8218883625
8218238690
8219396463
8220280866
8221491949
8221576786
8223032387
8224307769
8225821768
8225953986
8226509264
8228317933
8230057784
8229356995
8230454265
8233257493
8234227515
8234286676
8234935048
8236716346
8237515549
8237926657
8239029318
8241337110
8242512947
8243371341
8244728798
8245859581
8249701600
8250551719
8251751760
8253371998
8256005029
8255897858
8256847833
8261460262
8262459669
8263533566
8264762532
8266654628
8270635036
8270398574
8271327600
8272582194
8273463580
8273708558
8274982749
8276045254
8277310820
8277126034
8278345803
8279710162
8281152618
8280668243
8281897970
8283204722
8284369569
8284598607
8285808308
8286745849
8287997178
8288179398
8289057508
8289923497
8290699567
8290873793
8292356524
8293262977
8294716232
8295135656
8296746556
8297729553
8298661434
8298676192
8299566986
8300545374
8301611367
8302130035
8303058400
8303754521
8304660665
8304594741
8305450801
8306639622
8308158130
8308580339
8309526687
8310600313
8311525452
8311481900
8312770178
8313552039
8315044266
8315131420
8316267162
8317176622
8318200605
8318359000
8319094515
8319802037
8320659449
8320929213
8322250953
8323476733
8324568403
8325291074
8326281174
8327110674
8327876014
8327710624
8328714340
8329884507
8331716420
8331802701
8333145079
8335143073
8336398990
8336121271
8336653435
8337261330
8337791992
8337241804
8338225733
8340368988
8341722707
8342506392
8343899725
8345693186
8346482912
8347605871
8349896340
8351513933
8352409817
8352290914
8353464637
8354490665
8355452322
8355540146
8356135298
8356622940
8357265901
8356846727
8357542287
8358179578
8358815897
8358699229
8359537185
8360871528
8362209539
8359868614
8361646286
8363315885
8365216367
8365657521
8367126877
8369341324
8371597290
8372048503
8374342699
8375658779
8376971542
8378054114
8380258935
8381547984
8383070368
8383546969
8384986138
8386062249
8387605442
8388124803
8390304165
8391908182
8393621423
8394284342
8395582788
8397558650
8399498185
8399334278
8400791741
8402334274
8403323191
8402871538
8403422116
8404287052
8406008710
8404782519
8405547529
8406040559
8406485431
8403708952
8404154024
8404645663
8405626125
8405582093
8406393569
8407166112
8407830624
8407527898
8408184165
8409015869
8409545328
8408823920
8409448737
8409961496
8410503598
8411265031
8411868108
8412830678
8413504476
8410902223
8411257617
8411768092
8412556705
8412327687
8413025050
8413995343
8415009628
8414817479
8415761002
8416340315
8416822245
8416260085
8416754850
8417486557
8418296480
8417880322
8418987711
8419687609
8420241936
8419675397
8420241264
8421120487
8421901196
8421944346
8422482893
8423267398
8424341947
8423435021
8424213065
8424881564
8425780875
8423447095
8425301560
8426317208
8427864279
8427920193
8429737428
8430625397
8431621499
8431621208
8432166267
8432797406
8434345759
8434036181
8434702927
8436410498
8437166099
8438389625
8439400334
8440468399
8441835144
8442733522
8444068056
8446143594
8448639758
8449153839
8451586525
8452964881
8454743995
8455886349
8456478857
8465170557
8467226479
8467789802
8469511599
8471178103
8473252639
8473795513
8475513383
8479345525
8480931048
8483819634
8485992575
8487659348
8488264650
8488947817
8489857166
8490945650
8491692345
8493211914
8494670370
8496631143
8498626692
8501329964
8504106512
8504936713
8507531783
8507177140
8509282544
8510136238
8513859115
8513467483
8516257116
8516955170
8518334017
8517469682
8518002497
8519030127
8522905629
8522992611
8524790631
8525726490
8526394839
8526084650
8527883470
8529507806
8530177737
8529358396
8532201609
8534303847
8538169770
8540123532
8541232775
8542194922
8543031796
8542852901
8558454284
8561632071
8564783781
8568028143
8568682276
8569942521
8572926326
8572422946
8572558930
8573217139
8573919181
8574085712
8575144080
8576646377
8578625706
8580105411
8583445091
8584326558
8584856749
8584604678
8586355550
8587030310
8588669463
8588339978
8589821916
8591428068
8593576592
8593356872
8594771875
8595496139
8598167460
8598152323
8599019182
8602034737
8603151804
8604799813
8605734921
8608758070
8610980443
8612462532
8613285319
8614445657
8615715731
8616520705
8617179757
8619537041
8620419951
8620508326
8622121551
8624824942
8627917881
8627742423
8628690956
8630683840
8631551892
8631011292
8632690449
8633577527
8635821179
8635404360
8636271260
8637025679
8640783882
8641549894
8643556012
8644512659
8646970523
8646792790
8647402960
8648895889
8651843237
8655945884
8656818504
8657511900
8658228419
8657574907
8658355536
8659352860
8659841212
8661381420
8662937057
8665026361
8665834421
8666449800
8667563272
8669495502
8670279657
8670644618
8671313709
8672558415
8673441455
8672975584
8674472090
8678660206
8679967759
8679574635
8682661994
8683682892
8684836046
8685530565
8687389007
8690095955
8690991900
8691876332
8694473484
8695454878
8696494291
8699027535
8701988217
8703230718
8704242639
8704277023
8704901139
8705784009
8706842006
8706970166
8707856491
8708692083
8710719832
8710430832
8711388572
8712868306
8714421519
8714603349
8715815593
8717316578
8718791214
8718292021
8719253277
8720365025
8721681695
8721608297
8722646638
8724093321
8725421663
8725202353
8726572013
8729511545
8731627029
8731422205
8732973504
8734266080
8735462896
8734912669
8736093675
8737412990
8738745129
8739554071
8740035570
8741086154
8741994952
8742377295
8743815152
8744758776
8745767821
8745347576
8746640723
8748080764
8748958092
8749322854
8750076773
8751086610
8751983386
8751832484
8752689936
8753399162
8754581650
8754337224
8755457196
8756514142
8757256379
8757451934
8758722959
8760444445
8761774441
8761370506
8762603401
8763279834
8764827105
8765648230
8766910838
8767761368
8769053102
8768508704
8769518120
8770271819
8771095979
8771046657
8772861207
8774159223
8775990295
8775636203
8776902239
8777902427
8778965123
8779016900
8780129759
8780808196
8782066058
8782019921
8783152558
8785150730
8785958169
8785709846
8786714061
8787818275
8789353654
8789217169
8790165171
8791551952
8793115564
8793285581
8794202935
8795113697
8796447409
8796419888
8797577762
8798424844
8799640426
8799741234
8800439078
8801678244
8802602221
8802883386
8804831536
8805716809
8807388734
8807144087
8807931518
8808873699
8809916978
8810051470
8811171483
8812867341
8813691371
8813328493
8814538444
8815720622
8816928349
8816683251
8818124755
8819597928
8820214430
8819820163
8821028721
8821798289
8822607681
8822066550
8823318480
8824341992
8824979854
8824732532
8826089718
8827222685
8828109081
8828056784
8829397419
8830687279
8831518943
8831792845
8832388138
8833454640
8834558322
8834634805
8835810713
8836633881
8837908142
8837921676
8839027223
8839999970
8840881817
8840769689
8841644323
8842951445
8843766038
8843469274
8844108547
8844999672
8845915614
8845716302
8846433191
8847440985
8848329405
8847805335
8848793151
8849561768
8850597833
8850835286
8851749064
8852553807
8853598420
8853870438
8854711179
8855606061
8856360641
8855840619
8856827354
8857910508
8859184158
8859720900
8861085780
8861806146
8862920729
8862760260
8864134858
8865041552
8866303099
8866621154
8867998106
8869205453
8870470286
8870510602
8871602202
8872948888
8873798094
8873587691
8875948753
8876866187
8878496143
8878729509
8879954297
8881078298
8882296915
8882484826
8883027359
8884222453
8885275210
8884596572
8885634120
8886734336
8887587179
8887567423
8888790519
8890005188
8891206824
8891461359
8892519877
8893561503
8894250911
8894267703
8895099447
8895912777
8897179565
8896814102
8897667385
8898981952
8900417836
8900924481
8901746167
8903155329
8903971515
8903989879
8905004576
8905996048
8907396955
8907662051
8908630651
8909351628
8910648181
8910554426
8911566266
8912631267
8914079603
8914911999
8916521065
8918236130
8919178661
8918975772
8920343347
8921562024
8922611706
8922619541
8924340496
8925198720
8926034862
8926054428
8926937218
8928553648
8930282058
8930273432
8931246781
8932428409
8933247499
8933129118
8934717135
8936277942
8937801509
8937581287
8939616881
8940279448
8941251715
8940992131
8942160764
8943970396
8944820414
8943831095
8944655446
8945148977
8946968688
8947070749
8948417696
8949397818
8950115348
8949768800
8950501179
8951239348
8952275414
8951820805
8952294300
8952752395
8953458855
8953518226
8954392590
8955641303
8956386647
8956247076
8957041480
8957748952
8958640928
8958099016
8958594552
8959069149
8959491508
8958838047
8958094337
8958484847
8958981244
8958704828
8959804413
8960712469
8961862338
8961091196
8961519147
8962224915
8962903002
8960744579
8961597914
8962453582
8963375385
8963134675
8964106041
8965199874
8966317593
8966289060
8966710727
8967562109
8968393211
8968323471
8968981190
8969471626
8970111622
8969681458
8970478088
8974033079
8976119439
8975979096
8976708168
8977412445
8977873606
8977256574
8978006765
8978600304
8979757898
8979586988
8980974701
8982085857
8982971611
8983123817
8983722085
8984566692
8985340609
8985297046
8986174347
8987491067
8988509190
8988772241
8989699473
8990305957
8991071316
8990454194
8990960721
8991956702
8992718445
8991974574
8992736438
8993789966
8994839097
8992611905
8993280114
8994860487
8995777040
8995562970
8997486835
8998404229
8999178867
8998976979
8999950067
9000926932
9000538566
9000373308
9001000420
9002071802
9003075998
9004902531
9006547756
9007921712
9011402176
9012849230
9013437570
9013901747
9017426102
9017197225
9017625164
9018076958
9018534453
9017828634
9017423166
9017823836
9020839341
9020261891
9021034064
9021724464
9022512497
9022648691
9023117507
9023796376
9024970840
9024522001
9028536043
9029501056
9031776358
9032202122
9033183216
9033992378
9035128360
9034544178
9035287769
9036488111
9037268128
9037019975
9038011417
9038841017
9039722204
9040140807
9041316864
9042609730
9043467282
9043222334
9044050161
9045144507
9045993933
9046032847
9046729578
9047747851
9049313757
9049509352
9050299408
9051119160
9051897464
9051090457
9051809630
9052812805
9054010452
9054416071
9055140675
9056248365
9057497398
9057432598
9058328501
9059653797
9060807654
9060818975
9061860772
9063817116
9066153563
9066085266
9066897533
9067865031
9068588723
9068689922
9069860389
9071124150
9072433979
9072258781
9073201442
9074116633
9074868458
9075270609
9076555950
9077394688
9078595522
9078937942
9079872247
9080639400
9081783829
9081088219
9082096022
9083353622
9084564956
9084342761
9085135622
9086126022
9087818545
9087664328
9088732293
9090232075
9091003276
9090756605
9091728371
9092995308
9094420552
9094269149
9095342314
9096248196
9097630390
9097492371
9098683346
9100141130
9101618231
9102076627
9103032704
9103646951
9106030746
9108711846
9111612817
9113046886
9114166558
9116365146
9117213632
9119576928
9124176582
9124499495
9126014917
9126858834
9127863792
9128025605
9128269440
9129079655
9129628470
9129696317
9131932294
9132976947
9133703263
9133078226
9133989979
9135748084
9137155955
9136958597
9138002838
9139596877
9140403624
9140153175
9141197357
9142381459
9143150066
9142656343
9143475063
9144208304
9144928038
9144837629
9145588412
9146586898
9147779055
9147587418
9148309306
9149293185
9150115290
9150440809
9151732984
9152425328
9153380061
9153606454
9155182339
9156207735
9157131561
9156984676
9158090993
9159252594
9160569245
9160867111
9161802940
9162658137
9163733287
9163862569
9164642436
9165936283
9167159879
9165407736
9166174839
9167902707
9168760721
9169410806
9171989955
9173655928
9174414095
9172033757
9173867623
9174571188
9175392192
9173794947
9174702814
9176518958
9177046453
9177017399
9177900810
9178667152
9179634429
9179412204
9180060305
9181304570
9182546651
9182651367
9183413631
9184130591
9184908975
9184891552
9185795311
9186567254
9187434744
9187061607
9188131988
9188862061
9189815723
9189692012
9190943581
9192688902
9193097967
9193069363
9193762528
9194701022
9195565528
9195686604
9196375821
9200041611
9201167004
9201064663
9202993247
9204050873
9204634013
9204374748
9205103079
9206068373
9207165963
9207342463
9208169168
9209204713
9210124632
9210214400
9211129500
9211996008
9212955632
9212833423
9213648968
9215562092
9216977427
9215905845
9217391411
9218775997
9220251454
9219976019
9220686959
9221502523
9222374571
9222142398
9223071445
9223772594
9224837203
9224419824
9225396940
9226265973
9227369616
9227541897
9229287609
9230523519
9231848945
9232047737
9233329441
9234616677
9235627797
9235862776
9236659645
9237231603
9238198430
9237729813
9238657798
9239547741
9240914805
9240706727
9241490441
9242524473
9243501519
9243010692
9243764851
9244668389
9245492149
9246080488
9246909638
9247716305
9248963505
9248737563
9249833420
9250934047
9252034644
9253156680
9254237330
9255151378
9255852166
9255815980
9256853228
9257868745
9259466321
9259114974
9259956947
9261126813
9261761017
9262025031
9264212578
9265066294
9265920840
9266148927
9266716158
9267249834
9267764706
9267520530
9268071740
9268787157
9269363273
9268994885
9269983212
9271148639
9272064891
9272129652
9272920921
9273432877
9274271705
9273678036
9274745440
9275229695
9276044407
9275576373
9276633488
9277969585
9278908158
9278515845
9280289380
9281262036
9281843012
9281426274
9284168598
9285311063
9285853856
9286717270
9287425734
9288390066
9289693792
9289628410
9290148431
9291354145
9292313798
9292340999
9292857284
9293641058
9294320257
9293951649
9294569613
9295012170
9295582095
9295448996
9296097488
9296780454
9297381597
9297138853
9298010672
9298704539
9300038511
9299687015
9300454550
9301262419
9302203367
9301869493
9302750429
9303665198
9304886731
9304624291
9305265148
9306392805
9307302375
9307280535
9307756884
9308353068
9309356634
9309266465
9309805753
9310615055
9311199096
9310630885
9311996216
9313098535
9313865870
9314068268
9314927092
9315522555
9316199370
9315950885
9316908595
9317723407
9318794108
9318753432
9319480200
9320786772
9321487461
9321226303
9321766592
9322342759
9323344691
9323061452
9323910068
9324496353
9325625984
9325119638
9326418845
9326991165
9327937293
9327303267
9327976836
9328750242
9329437125
9328763196
9329485035
9330326628
9331287302
9330508767
9331117144
9331830357
9332806861
9332393429
9332858849
9333561471
9334345877
9333527127
9334042360
9334631060
9335685791
9334991533
9335564374
9336470548
9337276573
9336834047
9337831140
9338574318
9339626044
9339630021
9340557203
9341086633
9342059350
9341529470
9342948752
9343765659
9344373404
9344630705
9345417856
9345953106
9346815348
9346588794
9347306325
9347886740
9349138017
9347950889
9348838929
9349622673
9351030133
9350424832
9350883489
9351624273
9352627477
9352122875
9352695155
9353455275
9354134053
9354182153
9354830033
9355360564
9356078817
9355470620
9356000330
9356926310
9357704534
9357340274
9358266735
9359232640
9360245913
9359651011
9360731651
9361522649
9362439021
9361982337
9362816306
9363394486
9364335145
9363807639
9364206233
9364972375
9365496604
9365046844
9365467570
9365886644
9366309404
9365626687
9365997571
9366668504
9367159231
9366517703
9367214155
9367985385
9368688970
9368061006
9368698186
9369297266
9370037811
9369574825
9369982616
9370395508
9371032318
9370606573
9373134367
9374051741
9374679925
9374067390
9375371907
9378082121
9378930537
9377536652
9378208557
9380712777
9381314671
9380896991
9381454874
9383994539
9385914617
9385379928
9385970492
9387789721
9388475372
9388163489
9388880649
9389455073
9392066513
9392347658
9392953039
9394061820
9395324771
9394998591
9396661859
9397570307
9398345535
9400286272
9401006728
9401616858
9402247475
9403651389
9404528137
9405863833
9406768394
9404922794
9408101674
9408845094
9409810248
9409143702
9411030889
9411558013
9412318224
9412759689
9413786778
9414556507
9418454109
9418356346
9419309818
9420098171
9420738107
9421647736
9422513594
9423160193
9424000303
9424940510
9429116462
9430052361
9430844712
9430262735
9431342261
9431992626
9435826351
9435487407
9436168831
9438647983
9439434823
9439532165
9440329074
9441059759
9441679357
9441169975
9441642628
9442178820
9443196472
9443114649
9445351899
9446047991
9446681062
9447742817
9450052572
9452406331
9453691763
9455170736
9455838554
9457008600
9460178323
9459799215
9461919367
9463897102
9464855292
9462005387
9462471177
9465111441
9465955207
9465469520
9466310291
9466864176
9467816787
9467416749
9469529527
9470281351
9471064926
9470918281
9473639245
9474817257
9475500073
9474889342
9475685410
9479476563
9480513923
9480104917
9480527016
9481919538
9482442716
9482679659
9483504429
9484094773
9484799139
9484321948
9484999934
9485990395
9488720366
9488181639
9488877249
9489336197
9490824808
9490316187
9490863231
9491520308
9491967894
9494035618
9494671797
9497236879
9500215325
9499689623
9500149913
9500602489
9502484645
9502022161
9502701260
9503169305
9503883719
9504111656
9504601932
9505082029
9506885970
9507010211
9507631102
9508553666
9509070722
9509214020
9510002593
9510879802
9511434750
9511479052
9512615835
9514069863
9514829542
9515402584
9516089898
9517327882
9517960764
9518570452
9519762360
9520416262
9521836044
9522667679
9523304278
9525375158
9527650410
9527064174
9529513281
9530170990
9530600902
9531400657
9531930847
9532379726
9533564380
9534334048
9535165262
9538346636
9538930717
9538380589
9539118338
9540258589
9542225965
9541701564
9544002284
9544502850
9551521114
9551303577
9551813460
9552723770
9553267296
9553467981
9554314583
9555048675
9556133181
9556058872
9557132418
9559621399
9560263369
9560503477
9562733955
9563206458
9563609591
9563316033
9565385089
9566291673
9567320385
9568539574
9568981900
9569741579
9571704096
9571950176
9574242881
9576494147
9578293930
9577808863
9579069660
9579557811
9582950150
9582424839
9583972671
9584408034
9585995571
9585460781
9587953309
9588515118
9589363104
9588747163
9589404842
9592083466
9592559056
9592111249
9592708525
9593334514
9593820122
9593248754
9593775588
9594365400
9594776799
9595013552
9595454937
9596407106
9598289894
9598044635
9600848435
9602110974
9603069645
9605011193
9605593110
9606236302
9607082523
9607002675
9607801868
9610061099
9610952756
9610765986
9612557153
9613171701
9614879022
9615638651
9617414469
9618737211
9619407884
9619210977
9620570456
9622431384
9624412777
9624846105
9625249118
9627785217
9628306912
9627700910
9628734763
9629932320
9632004793
9632010833
9633793996
9636228825
9638717385
9639402295
9639890507
9642729402
9643264101
9644991369
