3151858595
3662754970
4068871446
4607166854
5371795051
5949550175
6643835223
7536730964
7820396373
7982282871
8244925592
8582413662
8765162118
8914395255
9059486726
9149543247
9177688059
9425461697
9666254894
9923817582
10149504073
10368989588
10697749372
10903286767
10916113351
11193654808
11361398889
11437593040
11660760304
11925037518
12011346036
12296360716
12564753750
12577962208
12777412540
12975987757
13186580106
13318200414
13474454098
13720094312
14007561223
14111144507
14227138979
14496877167
14556686293
14839663696
15127399650
15251949869
15590417359
15762208563
16081114044
16123179088
